Prediction of Polycaprolactone Molecular Weight Synthesized
via Enzymatic Polymerization Process: Comparing Training Algorithms
of Artifcial Neural Network Modeling

Run Factor A Factor B Factor C Factor D Response 1 ( Mn) Response 2 ( Mw)
Experimental ANN Predicted Experimental ANN
Predicted
1 110 7 50 10 1127.19 1127.324 1321.65 1321.516
2 85 4 50 30 1024.77 1024.987 1339.35 1339.133
3 101 1 500 60 1950.09 1950.729 2878.90 2878.261
4 79 1 219 10 2222.66 2223.187 2988.62 2988.093
5 50 1 500 20 1845.60 1846.182 2690.50 2689.918
6 50 7 500 10 2415.70 2416.197 3138.45 3137.953
7 110 7 405 10 2073.90 2074.517 2970.90 2970.283
8 50 6 500 60 982.67 982.8379 1226.52 1226.352
9 110 7 500 60 2228.15 2228.663 2972.98 2972.467
10 110 1 500 10 2395.00 2395.546 3188.27 3187.724
11 50 4 50 10 3143.41 3243.921 3986.71 3986.198
12 50 1 151 30 2752.80 2753.499 3769.29 3768.591
13 80 7 50 60 1124.10 1024.307 1323.51 1323.303
14 110 4 208 60 1025.66 1025.859 1314.81 1314.611
15 50 7 500 10 2525.27 2525.901 3441.78 3441.149
16 101 1 500 60 3591.17 3592.278 5201.45 5200.342
17 110 4 208 60 3762.88 3764.25 5754.22 5752.85
18 87 5 500 30 2614.02 2614.576 3422.34 3421.784
19 50 7 223 40 1634.90 1635.779 2912.30 2911.421
20 50 1 50 60 1824.04 1824.54 2548.47 2547.97
21 110 1 50 30 1072.89 1013.16 1405.22 1404.95
22 110 1 500 10 4390.20 4391.257 5925.86 5924.803
23 99 7 259 40 1643.84 1644.749 2965.51 2964.601
24 50 1 500 20 3379.52 3380.715 5116.38 5115.185
25 70 3 311 60 2590.79 2591.428 3517.86 3517.223
